a<-2
b->4
4->b
a<-4
b<-5
7->b
